52
TC_01     	0	0.06842	0.0391996	0.517618	0.525078	0.520216	0.472702	0.488619	0.491676	0.57206	0.645142	0.616664	0.513937	0.501572	0.548333	0.487782	0.471115	0.522892	0.722679	0.728402	0.734425	0.537989	0.670505	0.536846	0.488319	0.491296	0.496576	0.687604	0.595974	0.650356	0.17915	0.193478	0.173502	0.526561	0.511267	0.513238	0.518613	0.515349	0.520039	0.50032	0.497707	0.503186	0.635782	0.639028	0.636278	0.534334	0.526285	0.592339	0.607269	0.651805	0.626656	0.517673
TC_02     	0.06842	0	0.0547984	0.541249	0.550603	0.545772	0.465921	0.482134	0.486477	0.560492	0.628484	0.601227	0.538084	0.525815	0.563865	0.486985	0.475789	0.51804	0.710231	0.715759	0.722391	0.568312	0.672062	0.565955	0.478813	0.481207	0.485986	0.672112	0.579113	0.63155	0.157276	0.169802	0.152239	0.537224	0.529027	0.531137	0.538551	0.535665	0.538349	0.521053	0.518107	0.519005	0.633708	0.636831	0.63462	0.552988	0.544407	0.618502	0.604719	0.651219	0.627474	0.537351
TC_03     	0.0391996	0.0547984	0	0.520607	0.52886	0.523861	0.475358	0.486986	0.49422	0.570523	0.641309	0.612652	0.516885	0.504688	0.547275	0.494187	0.47767	0.529407	0.720315	0.725841	0.731772	0.542922	0.668118	0.541289	0.48441	0.486983	0.492655	0.684581	0.59232	0.64654	0.173146	0.186055	0.168317	0.52524	0.514626	0.516821	0.522358	0.519269	0.523753	0.504752	0.501879	0.50294	0.634755	0.63776	0.635415	0.537709	0.530224	0.599171	0.606332	0.651034	0.626091	0.522427
TC_04     	0.517618	0.541249	0.520607	0	0.0732231	0.0657277	0.461872	0.447222	0.429713	0.540548	0.583107	0.556286	0.254723	0.254716	0.324671	0.456785	0.453288	0.500214	0.6833	0.690923	0.696912	0.241953	0.471873	0.225675	0.50968	0.477532	0.51887	0.655917	0.587556	0.612094	0.608458	0.616359	0.606549	0.335161	0.334435	0.323578	0.334223	0.337844	0.344156	0.338171	0.347186	0.357293	0.486667	0.486265	0.485322	0.386829	0.364609	0.477298	0.516482	0.544096	0.491119	0.32245
TC_05     	0.525078	0.550603	0.52886	0.0732231	0	0.0745922	0.476835	0.465031	0.447513	0.555587	0.598042	0.570762	0.249586	0.241627	0.323152	0.46711	0.462579	0.506982	0.697252	0.704234	0.709288	0.226691	0.480708	0.214156	0.524623	0.496602	0.536409	0.673453	0.601464	0.626991	0.616909	0.625772	0.614781	0.349464	0.342162	0.330978	0.339914	0.336897	0.34938	0.345449	0.354048	0.367242	0.500365	0.501047	0.499143	0.379186	0.370227	0.469175	0.530274	0.559851	0.505729	0.332839
TC_06     	0.520216	0.545772	0.523861	0.0657277	0.0745922	0	0.468736	0.456319	0.43778	0.549169	0.594676	0.565393	0.260431	0.260289	0.326287	0.464872	0.462645	0.507062	0.694786	0.702561	0.707528	0.248908	0.463509	0.233268	0.519157	0.488121	0.527603	0.671206	0.596162	0.622838	0.612881	0.621571	0.611111	0.346005	0.345832	0.336432	0.349241	0.353147	0.356902	0.345945	0.356003	0.367047	0.484197	0.485078	0.483143	0.406375	0.376549	0.489882	0.517221	0.548947	0.491093	0.328316
TC_07     	0.472702	0.465921	0.475358	0.461872	0.476835	0.468736	0	0.0938558	0.115224	0.300921	0.401594	0.361527	0.46093	0.452566	0.464042	0.186449	0.19573	0.246186	0.511587	0.522615	0.531405	0.513765	0.633124	0.511176	0.201007	0.197087	0.200108	0.465387	0.334254	0.394761	0.493791	0.499221	0.494592	0.411995	0.398482	0.4108	0.424479	0.428487	0.420735	0.390509	0.385697	0.384993	0.46306	0.468446	0.462076	0.468198	0.422814	0.536857	0.445109	0.489542	0.466703	0.408853
TC_08     	0.488619	0.482134	0.486986	0.447222	0.465031	0.456319	0.0938558	0	0.104951	0.271418	0.373583	0.333865	0.451981	0.444107	0.45982	0.20271	0.207146	0.243775	0.492079	0.503791	0.512856	0.504478	0.619462	0.501082	0.195613	0.175771	0.190988	0.443085	0.314182	0.370949	0.508705	0.514551	0.510555	0.394465	0.383138	0.392792	0.404916	0.409345	0.40251	0.375946	0.3695	0.36925	0.444793	0.449785	0.4445	0.450015	0.405573	0.539855	0.432553	0.476057	0.450739	0.393675
TC_09     	0.491676	0.486477	0.49422	0.429713	0.447513	0.43778	0.115224	0.104951	0	0.298339	0.398494	0.35936	0.438279	0.429977	0.444802	0.185685	0.207454	0.249421	0.522687	0.530771	0.539712	0.491436	0.61892	0.489379	0.236697	0.2107	0.227454	0.480491	0.361301	0.411531	0.518454	0.525065	0.51758	0.392094	0.379306	0.391152	0.405505	0.410675	0.402586	0.371553	0.36524	0.369022	0.459508	0.465048	0.45865	0.449535	0.405292	0.524723	0.440365	0.487225	0.462097	0.392298
TC_10     	0.57206	0.560492	0.570523	0.540548	0.555587	0.549169	0.300921	0.271418	0.298339	0	0.179852	0.142953	0.53874	0.532356	0.547938	0.3345	0.350044	0.31613	0.346246	0.352966	0.359687	0.58752	0.654128	0.579488	0.298706	0.294776	0.311688	0.30941	0.217804	0.248457	0.588082	0.590118	0.588788	0.447036	0.449359	0.455148	0.46189	0.466589	0.460012	0.436159	0.434407	0.436206	0.406253	0.410979	0.407269	0.507959	0.465907	0.612945	0.425992	0.462782	0.460356	0.437771
TC_11     	0.645142	0.628484	0.641309	0.583107	0.598042	0.594676	0.401594	0.373583	0.398494	0.179852	0	0.10292	0.606474	0.607001	0.603771	0.439998	0.452166	0.424159	0.262047	0.265113	0.269947	0.621826	0.668876	0.617385	0.38611	0.372675	0.406168	0.227353	0.249593	0.199309	0.65589	0.657206	0.656531	0.50506	0.513176	0.517708	0.523251	0.527911	0.52203	0.505191	0.503296	0.502976	0.442968	0.44725	0.446182	0.556203	0.527926	0.660424	0.498541	0.508765	0.516845	0.496997
TC_12     	0.616664	0.601227	0.612652	0.556286	0.570762	0.565393	0.361527	0.333865	0.35936	0.142953	0.10292	0	0.572685	0.573122	0.57367	0.400308	0.414549	0.385401	0.29679	0.302881	0.30624	0.596884	0.650333	0.591345	0.34543	0.334581	0.365324	0.257497	0.220484	0.198684	0.631409	0.632728	0.632505	0.476541	0.483657	0.489627	0.495179	0.498682	0.494046	0.47264	0.471252	0.471812	0.416541	0.422032	0.420665	0.541236	0.499631	0.649317	0.464182	0.483141	0.488186	0.465544
TC_13     	0.513937	0.538084	0.516885	0.254723	0.249586	0.260431	0.46093	0.451981	0.438279	0.53874	0.606474	0.572685	0	0.0695205	0.152077	0.432918	0.426439	0.466991	0.698361	0.706607	0.710998	0.244723	0.530465	0.23236	0.498844	0.490345	0.513918	0.675187	0.590382	0.632475	0.583982	0.591843	0.584122	0.355469	0.340022	0.330416	0.337429	0.332494	0.34515	0.34291	0.345855	0.363547	0.523565	0.525525	0.521424	0.383216	0.360329	0.455698	0.526511	0.562341	0.519529	0.353906
TC_14     	0.501572	0.525815	0.504688	0.254716	0.241627	0.260289	0.452566	0.444107	0.429977	0.532356	0.607001	0.573122	0.0695205	0	0.178187	0.424745	0.417433	0.458277	0.701253	0.70904	0.713796	0.237138	0.533025	0.225995	0.494816	0.485499	0.507467	0.677359	0.589521	0.633285	0.575665	0.584527	0.575011	0.358665	0.341582	0.332185	0.339171	0.334064	0.346793	0.345038	0.34744	0.36689	0.530805	0.533719	0.529716	0.376661	0.360659	0.451132	0.528377	0.566592	0.523497	0.358219
TC_15     	0.548333	0.563865	0.547275	0.324671	0.323152	0.326287	0.464042	0.45982	0.444802	0.547938	0.603771	0.57367	0.152077	0.178187	0	0.434758	0.425282	0.46578	0.692271	0.701811	0.708164	0.324927	0.556465	0.317903	0.501483	0.497113	0.517911	0.675932	0.588912	0.635955	0.604066	0.611383	0.604647	0.376596	0.365045	0.362547	0.370989	0.370354	0.376204	0.37101	0.372811	0.381596	0.534443	0.537446	0.53288	0.414094	0.382796	0.477665	0.538051	0.566206	0.528998	0.38446
TC_16     	0.487782	0.486985	0.494187	0.456785	0.46711	0.464872	0.186449	0.20271	0.185685	0.3345	0.439998	0.400308	0.432918	0.424745	0.434758	0	0.115793	0.17916	0.548077	0.558333	0.566712	0.494993	0.644649	0.492173	0.260683	0.286345	0.270361	0.508016	0.388963	0.453206	0.511676	0.521668	0.491339	0.38771	0.370198	0.3826	0.396385	0.400213	0.393505	0.357724	0.348495	0.352433	0.482105	0.486547	0.47896	0.438962	0.395495	0.48739	0.455797	0.496661	0.480344	0.386757
TC_17     	0.471115	0.475789	0.47767	0.453288	0.462579	0.462645	0.19573	0.207146	0.207454	0.350044	0.452166	0.414549	0.426439	0.417433	0.425282	0.115793	0	0.146519	0.548305	0.559062	0.569193	0.500991	0.65092	0.498001	0.249805	0.284478	0.271754	0.506015	0.385484	0.458583	0.499024	0.508853	0.478494	0.392276	0.375107	0.387929	0.400195	0.404797	0.396248	0.362952	0.356959	0.357831	0.493822	0.49868	0.491247	0.439917	0.398994	0.502082	0.462397	0.508856	0.490992	0.391122
TC_18     	0.522892	0.51804	0.529407	0.500214	0.506982	0.507062	0.246186	0.243775	0.249421	0.31613	0.424159	0.385401	0.466991	0.458277	0.46578	0.17916	0.146519	0	0.529044	0.538124	0.546566	0.550553	0.650281	0.54694	0.28413	0.30652	0.310923	0.487441	0.362847	0.431497	0.521954	0.529891	0.5033	0.443362	0.432818	0.442978	0.454128	0.458714	0.4507	0.424442	0.419875	0.421624	0.493232	0.498219	0.492479	0.495165	0.452256	0.564877	0.46521	0.523013	0.500564	0.441634
TC_19     	0.722679	0.710231	0.720315	0.6833	0.697252	0.694786	0.511587	0.492079	0.522687	0.346246	0.262047	0.29679	0.698361	0.701253	0.692271	0.548077	0.548305	0.529044	0	0.0471271	0.0559004	0.710863	0.740142	0.70607	0.484773	0.487921	0.511894	0.169729	0.338003	0.266295	0.723809	0.722647	0.724431	0.596178	0.603862	0.609413	0.613389	0.61653	0.609581	0.594019	0.591003	0.587554	0.533952	0.538038	0.536726	0.63859	0.613565	0.72704	0.579178	0.567239	0.593006	0.588891
TC_20     	0.728402	0.715759	0.725841	0.690923	0.704234	0.702561	0.522615	0.503791	0.530771	0.352966	0.265113	0.302881	0.706607	0.70904	0.701811	0.558333	0.559062	0.538124	0.0471271	0	0.045939	0.716252	0.743962	0.711395	0.498286	0.497091	0.525315	0.180357	0.344394	0.275202	0.731456	0.731033	0.731471	0.605149	0.612352	0.617907	0.620661	0.624482	0.617488	0.603807	0.600159	0.596581	0.542307	0.546031	0.545479	0.64483	0.620836	0.731379	0.589099	0.577608	0.60169	0.60043
TC_21     	0.734425	0.722391	0.731772	0.696912	0.709288	0.707528	0.531405	0.512856	0.539712	0.359687	0.269947	0.30624	0.710998	0.713796	0.708164	0.566712	0.569193	0.546566	0.0559004	0.045939	0	0.719772	0.746715	0.715013	0.508387	0.507187	0.535022	0.184292	0.354116	0.279035	0.73935	0.739002	0.739584	0.610472	0.618352	0.623604	0.626968	0.630379	0.623446	0.60936	0.606383	0.603039	0.545872	0.549623	0.548992	0.651752	0.627372	0.739149	0.595087	0.582842	0.606939	0.605043
TC_22     	0.537989	0.568312	0.542922	0.241953	0.226691	0.248908	0.513765	0.504478	0.491436	0.58752	0.621826	0.596884	0.244723	0.237138	0.324927	0.494993	0.500991	0.550553	0.710863	0.716252	0.719772	0	0.469215	0.0660782	0.553249	0.527554	0.566935	0.690296	0.629054	0.653218	0.634936	0.643714	0.633083	0.353558	0.349347	0.338176	0.341169	0.338054	0.351151	0.352692	0.360462	0.375999	0.533692	0.533532	0.531099	0.375846	0.370569	0.468804	0.560911	0.588577	0.545979	0.354968
TC_23     	0.670505	0.672062	0.668118	0.471873	0.480708	0.463509	0.633124	0.619462	0.61892	0.654128	0.668876	0.650333	0.530465	0.533025	0.556465	0.644649	0.65092	0.650281	0.740142	0.743962	0.746715	0.469215	0	0.457986	0.639639	0.624491	0.639708	0.722395	0.682639	0.695544	0.699837	0.703507	0.699705	0.536129	0.559096	0.553313	0.570425	0.576222	0.575219	0.559724	0.569104	0.563859	0.475439	0.468547	0.473118	0.620929	0.589997	0.682973	0.583011	0.622598	0.569756	0.530788
TC_24     	0.536846	0.565955	0.541289	0.225675	0.214156	0.233268	0.511176	0.501082	0.489379	0.579488	0.617385	0.591345	0.23236	0.225995	0.317903	0.492173	0.498001	0.54694	0.70607	0.711395	0.715013	0.0660782	0.457986	0	0.549214	0.524511	0.563867	0.685694	0.622083	0.64767	0.631815	0.640792	0.630421	0.34117	0.338285	0.32751	0.330795	0.329419	0.341357	0.340705	0.34839	0.363151	0.511116	0.511627	0.509095	0.370288	0.363038	0.467832	0.54406	0.574262	0.526698	0.339742
TC_25     	0.488319	0.478813	0.48441	0.50968	0.524623	0.519157	0.201007	0.195613	0.236697	0.298706	0.38611	0.34543	0.498844	0.494816	0.501483	0.260683	0.249805	0.28413	0.484773	0.498286	0.508387	0.553249	0.639639	0.549214	0	0.164129	0.11539	0.423356	0.276657	0.366233	0.490287	0.491466	0.49386	0.433141	0.413846	0.429949	0.442265	0.448195	0.437566	0.392459	0.385294	0.382596	0.446965	0.451276	0.444795	0.491814	0.439478	0.558012	0.43993	0.467241	0.467253	0.421503
TC_26     	0.491296	0.481207	0.486983	0.477532	0.496602	0.488121	0.197087	0.175771	0.2107	0.294776	0.372675	0.334581	0.490345	0.485499	0.497113	0.286345	0.284478	0.30652	0.487921	0.497091	0.507187	0.527554	0.624491	0.524511	0.164129	0	0.164943	0.423821	0.274386	0.348973	0.504254	0.506542	0.506864	0.419647	0.416223	0.426093	0.435802	0.43757	0.433734	0.406696	0.40072	0.399781	0.448609	0.452831	0.449951	0.478718	0.436702	0.574552	0.446062	0.495328	0.469874	0.419861
TC_27     	0.496576	0.485986	0.492655	0.51887	0.536409	0.527603	0.200108	0.190988	0.227454	0.311688	0.406168	0.365324	0.513918	0.507467	0.517911	0.270361	0.271754	0.310923	0.511894	0.525315	0.535022	0.566935	0.639708	0.563867	0.11539	0.164943	0	0.448724	0.298521	0.383907	0.495408	0.495285	0.500845	0.449515	0.430524	0.447281	0.459442	0.464951	0.455182	0.410066	0.401402	0.399494	0.458638	0.461608	0.455408	0.506822	0.458176	0.57677	0.450764	0.48044	0.473647	0.443818
TC_28     	0.687604	0.672112	0.684581	0.655917	0.673453	0.671206	0.465387	0.443085	0.480491	0.30941	0.227353	0.257497	0.675187	0.677359	0.675932	0.508016	0.506015	0.487441	0.169729	0.180357	0.184292	0.690296	0.722395	0.685694	0.423356	0.423821	0.448724	0	0.261291	0.165493	0.684847	0.683571	0.685783	0.577428	0.584687	0.592386	0.597552	0.601289	0.594188	0.575744	0.57274	0.569118	0.520385	0.524147	0.52343	0.622808	0.599594	0.719502	0.562543	0.556796	0.582082	0.576254
TC_29     	0.595974	0.579113	0.59232	0.587556	0.601464	0.596162	0.334254	0.314182	0.361301	0.217804	0.249593	0.220484	0.590382	0.589521	0.588912	0.388963	0.385484	0.362847	0.338003	0.344394	0.354116	0.629054	0.682639	0.622083	0.276657	0.274386	0.298521	0.261291	0	0.183658	0.591823	0.59332	0.593374	0.485268	0.49309	0.499739	0.506616	0.510222	0.50679	0.47358	0.472245	0.469016	0.434085	0.44014	0.43937	0.549028	0.50616	0.643018	0.452033	0.478513	0.485613	0.480359
TC_30     	0.650356	0.63155	0.64654	0.612094	0.626991	0.622838	0.394761	0.370949	0.411531	0.248457	0.199309	0.198684	0.632475	0.633285	0.635955	0.453206	0.458583	0.431497	0.266295	0.275202	0.279035	0.653218	0.695544	0.64767	0.366233	0.348973	0.383907	0.165493	0.183658	0	0.653535	0.653248	0.654813	0.539189	0.544501	0.553988	0.560943	0.56374	0.558386	0.53525	0.531657	0.527927	0.476034	0.480798	0.481449	0.591448	0.565706	0.691688	0.518487	0.521076	0.538978	0.535052
TC_31     	0.17915	0.157276	0.173146	0.608458	0.616909	0.612881	0.493791	0.508705	0.518454	0.588082	0.65589	0.631409	0.583982	0.575665	0.604066	0.511676	0.499024	0.521954	0.723809	0.731456	0.73935	0.634936	0.699837	0.631815	0.490287	0.504254	0.495408	0.684847	0.591823	0.653535	0	0.0346192	0.0536336	0.587286	0.575928	0.580136	0.585588	0.582777	0.585382	0.567689	0.565045	0.56595	0.654848	0.657154	0.654096	0.598934	0.585689	0.646551	0.621296	0.667014	0.642524	0.584578
TC_32     	0.193478	0.169802	0.186055	0.616359	0.625772	0.621571	0.499221	0.514551	0.525065	0.590118	0.657206	0.632728	0.591843	0.584527	0.611383	0.521668	0.508853	0.529891	0.722647	0.731033	0.739002	0.643714	0.703507	0.640792	0.491466	0.506542	0.495285	0.683571	0.59332	0.653248	0.0346192	0	0.0723732	0.592086	0.581301	0.585481	0.591254	0.589171	0.591225	0.573331	0.571004	0.57181	0.656202	0.658502	0.655161	0.60555	0.591432	0.653308	0.622566	0.668232	0.643279	0.590329
TC_33     	0.173502	0.152239	0.168317	0.606549	0.614781	0.611111	0.494592	0.510555	0.51758	0.588788	0.656531	0.632505	0.584122	0.575011	0.604647	0.491339	0.478494	0.5033	0.724431	0.731471	0.739584	0.633083	0.699705	0.630421	0.49386	0.506864	0.500845	0.685783	0.593374	0.654813	0.0536336	0.0723732	0	0.587481	0.576784	0.580433	0.586427	0.583772	0.586339	0.568406	0.566275	0.566879	0.656624	0.658873	0.655576	0.599817	0.585801	0.645263	0.621123	0.669148	0.644149	0.584543
TC_34     	0.526561	0.537224	0.52524	0.335161	0.349464	0.346005	0.411995	0.394465	0.392094	0.447036	0.50506	0.476541	0.355469	0.358665	0.376596	0.38771	0.392276	0.443362	0.596178	0.605149	0.610472	0.353558	0.536129	0.34117	0.433141	0.419647	0.449515	0.577428	0.485268	0.539189	0.587286	0.592086	0.587481	0	0.12991	0.123729	0.139718	0.146303	0.142752	0.175752	0.182619	0.178546	0.352945	0.35328	0.350932	0.226806	0.179429	0.380334	0.378612	0.42812	0.387159	0.193545
TC_35     	0.511267	0.529027	0.514626	0.334435	0.342162	0.345832	0.398482	0.383138	0.379306	0.449359	0.513176	0.483657	0.340022	0.341582	0.365045	0.370198	0.375107	0.432818	0.603862	0.612352	0.618352	0.349347	0.559096	0.338285	0.413846	0.416223	0.430524	0.584687	0.49309	0.544501	0.575928	0.581301	0.576784	0.12991	0	0.0651701	0.0869237	0.0964203	0.0831833	0.12782	0.126524	0.138829	0.391723	0.393014	0.386797	0.185803	0.126945	0.337212	0.412446	0.438169	0.402793	0.191197
TC_36     	0.513238	0.531137	0.516821	0.323578	0.330978	0.336432	0.4108	0.392792	0.391152	0.455148	0.517708	0.489627	0.330416	0.332185	0.362547	0.3826	0.387929	0.442978	0.609413	0.617907	0.623604	0.338176	0.553313	0.32751	0.429949	0.426093	0.447281	0.592386	0.499739	0.553988	0.580136	0.585481	0.580433	0.123729	0.0651701	0	0.0728013	0.0837324	0.0721175	0.132574	0.134438	0.148894	0.388964	0.390455	0.384262	0.173638	0.121294	0.333285	0.410721	0.443729	0.40327	0.184856
TC_37     	0.518613	0.538551	0.522358	0.334223	0.339914	0.349241	0.424479	0.404916	0.405505	0.46189	0.523251	0.495179	0.337429	0.339171	0.370989	0.396385	0.400195	0.454128	0.613389	0.620661	0.626968	0.341169	0.570425	0.330795	0.442265	0.435802	0.459442	0.597552	0.506616	0.560943	0.585588	0.591254	0.586427	0.139718	0.0869237	0.0728013	0	0.0611349	0.0613423	0.143028	0.141502	0.158209	0.40606	0.407159	0.401384	0.149282	0.107181	0.315825	0.428253	0.457651	0.417203	0.194362
TC_38     	0.515349	0.535665	0.519269	0.337844	0.336897	0.353147	0.428487	0.409345	0.410675	0.466589	0.527911	0.498682	0.332494	0.334064	0.370354	0.400213	0.404797	0.458714	0.61653	0.624482	0.630379	0.338054	0.576222	0.329419	0.448195	0.43757	0.464951	0.601289	0.510222	0.56374	0.582777	0.589171	0.583772	0.146303	0.0964203	0.0837324	0.0611349	0	0.0614955	0.157562	0.153952	0.171893	0.420205	0.42096	0.417263	0.129413	0.110648	0.304324	0.438501	0.47081	0.43023	0.207871
TC_39     	0.520039	0.538349	0.523753	0.344156	0.34938	0.356902	0.420735	0.40251	0.402586	0.460012	0.52203	0.494046	0.34515	0.346793	0.376204	0.393505	0.396248	0.4507	0.609581	0.617488	0.623446	0.351151	0.575219	0.341357	0.437566	0.433734	0.455182	0.594188	0.50679	0.558386	0.585382	0.591225	0.586339	0.142752	0.0831833	0.0721175	0.0613423	0.0614955	0	0.147219	0.144765	0.161917	0.409631	0.411081	0.405057	0.146356	0.102097	0.312304	0.428578	0.456024	0.419051	0.203428
TC_40     	0.50032	0.521053	0.504752	0.338171	0.345449	0.345945	0.390509	0.375946	0.371553	0.436159	0.505191	0.47264	0.34291	0.345038	0.37101	0.357724	0.362952	0.424442	0.594019	0.603807	0.60936	0.352692	0.559724	0.340705	0.392459	0.406696	0.410066	0.575744	0.47358	0.53525	0.567689	0.573331	0.568406	0.175752	0.12782	0.132574	0.143028	0.157562	0.147219	0	0.0623543	0.0754337	0.366066	0.368911	0.361339	0.243667	0.167974	0.381086	0.381501	0.405879	0.376647	0.141892
TC_41     	0.497707	0.518107	0.501879	0.347186	0.354048	0.356003	0.385697	0.3695	0.36524	0.434407	0.503296	0.471252	0.345855	0.34744	0.372811	0.348495	0.356959	0.419875	0.591003	0.600159	0.606383	0.360462	0.569104	0.34839	0.385294	0.40072	0.401402	0.57274	0.472245	0.531657	0.565045	0.571004	0.566275	0.182619	0.126524	0.134438	0.141502	0.153952	0.144765	0.0623543	0	0.0656796	0.378156	0.379119	0.371509	0.238016	0.169562	0.373238	0.391472	0.411289	0.385058	0.158435
TC_42     	0.503186	0.519005	0.50294	0.357293	0.367242	0.367047	0.384993	0.36925	0.369022	0.436206	0.502976	0.471812	0.363547	0.36689	0.381596	0.352433	0.357831	0.421624	0.587554	0.596581	0.603039	0.375999	0.563859	0.363151	0.382596	0.399781	0.399494	0.569118	0.469016	0.527927	0.56595	0.57181	0.566879	0.178546	0.138829	0.148894	0.158209	0.171893	0.161917	0.0754337	0.0656796	0	0.368293	0.370017	0.36282	0.256741	0.185845	0.38782	0.385104	0.403948	0.377997	0.166805
TC_43     	0.635782	0.633708	0.634755	0.486667	0.500365	0.484197	0.46306	0.444793	0.459508	0.406253	0.442968	0.416541	0.523565	0.530805	0.534443	0.482105	0.493822	0.493232	0.533952	0.542307	0.545872	0.533692	0.475439	0.511116	0.446965	0.448609	0.458638	0.520385	0.434085	0.476034	0.654848	0.656202	0.656624	0.352945	0.391723	0.388964	0.40606	0.420205	0.409631	0.366066	0.378156	0.368293	0	0.0699359	0.0728159	0.498985	0.42645	0.606514	0.313767	0.366672	0.328743	0.312308
TC_44     	0.639028	0.636831	0.63776	0.486265	0.501047	0.485078	0.468446	0.449785	0.465048	0.410979	0.44725	0.422032	0.525525	0.533719	0.537446	0.486547	0.49868	0.498219	0.538038	0.546031	0.549623	0.533532	0.468547	0.511627	0.451276	0.452831	0.461608	0.524147	0.44014	0.480798	0.657154	0.658502	0.658873	0.35328	0.393014	0.390455	0.407159	0.42096	0.411081	0.368911	0.379119	0.370017	0.0699359	0	0.0702137	0.498968	0.428047	0.606387	0.317883	0.373115	0.333195	0.316201
TC_45     	0.636278	0.63462	0.635415	0.485322	0.499143	0.483143	0.462076	0.4445	0.45865	0.407269	0.446182	0.420665	0.521424	0.529716	0.53288	0.47896	0.491247	0.492479	0.536726	0.545479	0.548992	0.531099	0.473118	0.509095	0.444795	0.449951	0.455408	0.52343	0.43937	0.481449	0.654096	0.655161	0.655576	0.350932	0.386797	0.384262	0.401384	0.417263	0.405057	0.361339	0.371509	0.36282	0.0728159	0.0702137	0	0.496221	0.422089	0.599148	0.319044	0.368441	0.325864	0.312884
TC_46     	0.534334	0.552988	0.537709	0.386829	0.379186	0.406375	0.468198	0.450015	0.449535	0.507959	0.556203	0.541236	0.383216	0.376661	0.414094	0.438962	0.439917	0.495165	0.63859	0.64483	0.651752	0.375846	0.620929	0.370288	0.491814	0.478718	0.506822	0.622808	0.549028	0.591448	0.598934	0.60555	0.599817	0.226806	0.185803	0.173638	0.149282	0.129413	0.146356	0.243667	0.238016	0.256741	0.498985	0.498968	0.496221	0	0.141528	0.249479	0.498868	0.528478	0.487007	0.289245
TC_47     	0.526285	0.544407	0.530224	0.364609	0.370227	0.376549	0.422814	0.405573	0.405292	0.465907	0.527926	0.499631	0.360329	0.360659	0.382796	0.395495	0.398994	0.452256	0.613565	0.620836	0.627372	0.370569	0.589997	0.363038	0.439478	0.436702	0.458176	0.599594	0.50616	0.565706	0.585689	0.591432	0.585801	0.179429	0.126945	0.121294	0.107181	0.110648	0.102097	0.167974	0.169562	0.185845	0.42645	0.428047	0.422089	0.141528	0	0.287557	0.431681	0.462833	0.41997	0.221401
TC_48     	0.592339	0.618502	0.599171	0.477298	0.469175	0.489882	0.536857	0.539855	0.524723	0.612945	0.660424	0.649317	0.455698	0.451132	0.477665	0.48739	0.502082	0.564877	0.72704	0.731379	0.739149	0.468804	0.682973	0.467832	0.558012	0.574552	0.57677	0.719502	0.643018	0.691688	0.646551	0.653308	0.645263	0.380334	0.337212	0.333285	0.315825	0.304324	0.312304	0.381086	0.373238	0.38782	0.606514	0.606387	0.599148	0.249479	0.287557	0	0.56208	0.573724	0.551967	0.415558
TC_49     	0.607269	0.604719	0.606332	0.516482	0.530274	0.517221	0.445109	0.432553	0.440365	0.425992	0.498541	0.464182	0.526511	0.528377	0.538051	0.455797	0.462397	0.46521	0.579178	0.589099	0.595087	0.560911	0.583011	0.54406	0.43993	0.446062	0.450764	0.562543	0.452033	0.518487	0.621296	0.622566	0.621123	0.378612	0.412446	0.410721	0.428253	0.438501	0.428578	0.381501	0.391472	0.385104	0.313767	0.317883	0.319044	0.498868	0.431681	0.56208	0	0.326275	0.277321	0.354336
TC_50     	0.651805	0.651219	0.651034	0.544096	0.559851	0.548947	0.489542	0.476057	0.487225	0.462782	0.508765	0.483141	0.562341	0.566592	0.566206	0.496661	0.508856	0.523013	0.567239	0.577608	0.582842	0.588577	0.622598	0.574262	0.467241	0.495328	0.48044	0.556796	0.478513	0.521076	0.667014	0.668232	0.669148	0.42812	0.438169	0.443729	0.457651	0.47081	0.456024	0.405879	0.411289	0.403948	0.366672	0.373115	0.368441	0.528478	0.462833	0.573724	0.326275	0	0.325684	0.399308
TC_51     	0.626656	0.627474	0.626091	0.491119	0.505729	0.491093	0.466703	0.450739	0.462097	0.460356	0.516845	0.488186	0.519529	0.523497	0.528998	0.480344	0.490992	0.500564	0.593006	0.60169	0.606939	0.545979	0.569756	0.526698	0.467253	0.469874	0.473647	0.582082	0.485613	0.538978	0.642524	0.643279	0.644149	0.387159	0.402793	0.40327	0.417203	0.43023	0.419051	0.376647	0.385058	0.377997	0.328743	0.333195	0.325864	0.487007	0.41997	0.551967	0.277321	0.325684	0	0.352849
TC_57     	0.517673	0.537351	0.522427	0.32245	0.332839	0.328316	0.408853	0.393675	0.392298	0.437771	0.496997	0.465544	0.353906	0.358219	0.38446	0.386757	0.391122	0.441634	0.588891	0.60043	0.605043	0.354968	0.530788	0.339742	0.421503	0.419861	0.443818	0.576254	0.480359	0.535052	0.584578	0.590329	0.584543	0.193545	0.191197	0.184856	0.194362	0.207871	0.203428	0.141892	0.158435	0.166805	0.312308	0.316201	0.312884	0.289245	0.221401	0.415558	0.354336	0.399308	0.352849	0
